1
8
15
22
29
36
43
50
57
64
71
78
85
92
99
106
113
120
127
134
141
148
155
162
169
176
183
190
197
204
211
218
225
232
239
246
253
260
267
274
281
288
295
302
309
316
323
330
337
344
351
358
365
372
379
386
393
400
407
414
421
428
435
442
449
456
463
470
477
484
491
498
505
512
519
526
533
540
547
554
561
568
575
582
589
596
603
610
617
624
631
638
645
652
659
666
673
680
687
694
701
708
715
722
729
736
743
750
757
764
771
778
785
792
799
806
813
820
827
834
841
848
855
862
869
876
883
890
897
904
911
918
925
932
939
946
953
960
967
974
981
988
995
1002
1009
1016
1023
1030
1037
1044
1051
1058
1065
1072
1079
1086
1093
1100
1107
1114
1121
1128
1135
1142
1149
1156
1163
1170
1177
1184
1191
1198
1205
1212
1219
1226
1233
1240
1247
1254
1261
1268
1275
1282
1289
1296
1303
1310
1317
1324
1331
1338
1345
1352
1359
1366
1373
1380
1387
1394
1401
1408
1415
1422
1429
1436
1443
1450
1457
1464
1471
1478
1485
1492
1499
1506
1513
1520
1527
1534
1541
1548
1555
1562
1569
1576
1583
1590
1597
1604
1611
1618
1625
1632
1639
1646
1653
1660
1667
1674
1681
1688
1695
1702
1709
1716
1723
1730
1737
1744
1751
1758
1765
1772
1779
1786
1793
1800
1807
1814
1821
1828
1835
1842
1849
1856
1863
1870
1877
1884
1891
1898
1905
1912
1919
1926
1933
1940
1947
1954
1961
1968
1975
1982
1989
1996
2003
2010
2017
2024
2031
2038
2045
2052
2059
2066
2073
2080
2087
2094
2101
2108
2115
2122
2129
2136
2143
2150
2157
2164
2171
2178
2185
2192
2199
2206
2213
2220
2227
2234
2241
2248
2255
2262
2269
2276
2283
2290
2297
2304
2311
2318
2325
2332
2339
2346
2353
2360
2367
2374
2381
2388
2395
2402
2409
2416
2423
2430
2437
2444
2451
2458
2465
2472
2479
2486
2493
2500
2507
2514
2521
2528
2535
2542
2549
2556
2563
2570
2577
2584
2591
2598
2605
2612
2619
2626
2633
2640
2647
2654
2661
2668
2675
2682
2689
2696
2703
2710
2717
2724
2731
2738
2745
2752
2759
2766
2773
2780
2787
2794
2801
2808
2815
2822
2829
2836
2843
2850
2857
2864
2871
2878
2885
2892
2899
2906
2913
2920
2927
2934
2941
2948
2955
2962
2969
2976
2983
2990
2997
3004
3011
3018
3025
3032
3039
3046
3053
3060
3067
3074
3081
3088
3095
3102
3109
3116
3123
3130
3137
3144
3151
3158
3165
3172
3179
3186
3193
3200
3207
3214
3221
3228
3235
3242
3249
3256
3263
3270
3277
3284
3291
3298
3305
3312
3319
3326
3333
3340
3347
3354
3361
3368
3375
3382
3389
3396
3403
3410
3417
3424
3431
3438
3445
3452
3459
3466
3473
3480
3487
3494
3501
3508
3515
3522
3529
3536
3543
3550
3557
3564
3571
3578
3585
3592
3599
3606
3613
3620
3627
3634
3641
3648
3655
3662
3669
3676
3683
3690
3697
3704
3711
3718
3725
3732
3739
3746
3753
3760
3767
3774
3781
3788
3795
3802
3809
3816
3823
3830
3837
3844
3851
3858
3865
3872
3879
3886
3893
3900
3907
3914
3921
3928
3935
3942
3949
3956
3963
3970
3977
3984
3991
3998
4005
4012
4019
4026
4033
4040
4047
4054
4061
4068
4075
4082
4089
4096
4103
4110
4117
4124
4131
4138
4145
4152
4159
4166
4173
4180
4187
4194
4201
4208
4215
4222
4229
4236
4243
4250
4257
4264
4271
4278
4285
4292
4299
4306
4313
4320
4327
4334
4341
4348
4355
4362
4369
4376
4383
4390
4397
4404
4411
4418
4425
4432
4439
4446
4453
4460
4467
4474
4481
4488
4495
4502
4509
4516
4523
4530
4537
4544
4551
4558
4565
4572
4579
4586
4593
4600
4607
4614
4621
4628
4635
4642
4649
4656
4663
4670
4677
4684
4691
4698
4705
4712
4719
4726
4733
4740
4747
4754
4761
4768
4775
4782
4789
4796
4803
4810
4817
4824
4831
4838
4845
4852
4859
4866
4873
4880
4887
4894
4901
4908
4915
4922
4929
4936
4943
4950
4957
4964
4971
4978
4985
4992
4999
5006
5013
5020
5027
5034
5041
5048
5055
5062
5069
5076
5083
5090
5097
5104
5111
5118
5125
5132
5139
5146
5153
5160
5167
5174
5181
5188
5195
5202
5209
5216
5223
5230
5237
5244
5251
5258
5265
5272
5279
5286
5293
5300
5307
5314
5321
5328
5335
5342
5349
5356
5363
5370
5377
5384
5391
5398
5405
5412
5419
5426
5433
5440
5447
5454
5461
5468
5475
5482
5489
5496
5503
5510
5517
5524
5531
5538
5545
5552
5559
5566
5573
5580
5587
5594
5601
5608
5615
5622
5629
5636
5643
5650
5657
5664
5671
5678
5685
5692
5699
5706
5713
5720
5727
5734
5741
5748
5755
5762
5769
5776
5783
5790
5797
5804
5811
5818
5825
5832
5839
5846
5853
5860
5867
5874
5881
5888
5895
5902
5909
5916
5923
5930
5937
5944
5951
5958
5965
5972
5979
5986
5993
6000
6007
6014
6021
6028
6035
6042
6049
6056
6063
6070
6077
6084
6091
6098
6105
6112
6119
6126
6133
6140
6147
6154
6161
6168
6175
6182
6189
6196
6203
6210
6217
6224
6231
6238
6245
6252
6259
6266
6273
6280
6287
6294
6301
6308
6315
6322
6329
6336
6343
6350
6357
6364
6371
6378
6385
6392
6399
6406
6413
6420
6427
6434
6441
6448
6455
6462
6469
6476
6483
6490
6497
6504
6511
6518
6525
6532
6539
6546
6553
6560
6567
6574
6581
6588
6595
6602
6609
6616
6623
6630
6637
6644
6651
6658
6665
6672
6679
6686
6693
6700
6707
6714
6721
6728
6735
6742
6749
6756
6763
6770
6777
6784
6791
6798
6805
6812
6819
6826
6833
6840
6847
6854
6861
6868
6875
6882
6889
6896
6903
6910
6917
6924
6931
6938
6945
6952
6959
6966
6973
6980
6987
6994
7001
7008
7015
7022
7029
7036
7043
7050
7057
7064
7071
7078
7085
7092
7099
7106
7113
7120
7127
7134
7141
7148
7155
7162
7169
7176
7183
7190
7197
7204
7211
7218
7225
7232
7239
7246
7253
7260
7267
7274
7281
7288
7295
7302
7309
7316
7323
7330
7337
7344
7351
7358
7365
7372
7379
7386
7393
7400
7407
7414
7421
7428
7435
7442
7449
7456
7463
7470
7477
7484
7491
7498
7505
7512
7519
7526
7533
7540
7547
7554
7561
7568
7575
7582
7589
7596
7603
7610
7617
7624
7631
7638
7645
7652
7659
7666
7673
7680
7687
7694
7701
7708
7715
7722
7729
7736
7743
7750
7757
7764
7771
7778
7785
7792
7799
7806
7813
7820
7827
7834
7841
7848
7855
7862
7869
7876
7883
7890
7897
7904
7911
7918
7925
7932
7939
7946
7953
7960
7967
7974
7981
7988
7995
8002
8009
8016
8023
8030
8037
8044
8051
8058
8065
8072
8079
8086
8093
8100
8107
8114
8121
8128
8135
8142
8149
8156
8163
8170
8177
8184
8191
8198
8205
8212
8219
8226
8233
8240
8247
8254
8261
8268
8275
8282
8289
8296
8303
8310
8317
8324
8331
8338
8345
8352
8359
8366
8373
8380
8387
8394
8401
8408
8415
8422
8429
8436
8443
8450
8457
8464
8471
8478
8485
8492
8499
8506
8513
8520
8527
8534
8541
8548
8555
8562
8569
8576
8583
8590
8597
8604
8611
8618
8625
8632
8639
8646
8653
8660
8667
8674
8681
8688
8695
8702
8709
8716
8723
8730
8737
8744
8751
8758
8765
8772
8779
8786
8793
8800
8807
8814
8821
8828
8835
8842
8849
8856
8863
8870
8877
8884
8891
8898
8905
8912
8919
8926
8933
8940
8947
8954
8961
8968
8975
8982
8989
8996
9003
9010
9017
9024
9031
9038
9045
9052
9059
9066
9073
9080
9087
9094
9101
9108
9115
9122
9129
9136
9143
9150
9157
9164
9171
9178
9185
9192
9199
9206
9213
9220
9227
9234
9241
9248
9255
9262
9269
9276
9283
9290
9297
9304
9311
9318
9325
9332
9339
9346
9353
9360
9367
9374
9381
9388
9395
9402
9409
9416
9423
9430
9437
9444
9451
9458
9465
9472
9479
9486
9493
9500
9507
9514
9521
9528
9535
9542
9549
9556
9563
9570
9577
9584
9591
9598
9605
9612
9619
9626
9633
9640
9647
9654
9661
9668
9675
9682
9689
9696
9703
9710
9717
9724
9731
9738
9745
9752
9759
9766
9773
9780
9787
9794
9801
9808
9815
9822
9829
9836
9843
9850
9857
9864
9871
9878
9885
9892
9899
9906
9913
9920
9927
9934
9941
9948
9955
9962
9969
9976
9983
9990
9997
10004
10011
10018
10025
10032
10039
10046
10053
10060
10067
10074
10081
10088
10095
10102
10109
10116
10123
10130
10137
10144
10151
10158
10165
10172
10179
10186
10193
10200
10207
10214
10221
10228
10235
10242
10249
10256
10263
10270
10277
10284
10291
10298
10305
10312
10319
10326
10333
10340
10347
10354
10361
10368
10375
10382
10389
10396
10403
10410
10417
10424
10431
10438
10445
10452
10459
10466
10473
10480
10487
10494
10501
10508
10515
10522
10529
10536
10543
10550
10557
10564
10571
10578
10585
10592
10599
10606
10613
10620
10627
10634
10641
10648
10655
10662
10669
10676
10683
10690
10697
10704
10711
10718
10725
10732
10739
10746
10753
10760
10767
10774
10781
10788
10795
10802
10809
10816
10823
10830
10837
10844
10851
10858
10865
10872
10879
10886
10893
10900
10907
10914
10921
10928
10935
10942
10949
10956
10963
10970
10977
10984
10991
10998
11005
11012
11019
11026
11033
11040
11047
11054
11061
11068
11075
11082
11089
11096
11103
11110
11117
11124
11131
11138
11145
11152
11159
11166
11173
11180
11187
11194
11201
11208
11215
11222
11229
11236
11243
11250
11257
11264
11271
11278
11285
11292
11299
11306
11313
11320
11327
11334
11341
11348
11355
11362
11369
11376
11383
11390
11397
11404
11411
11418
11425
11432
11439
11446
11453
11460
11467
11474
11481
11488
11495
11502
11509
11516
11523
11530
11537
11544
11551
11558
11565
11572
11579
11586
11593
11600
11607
11614
11621
11628
11635
11642
11649
11656
11663
11670
11677
11684
11691
11698
11705
11712
11719
11726
11733
11740
11747
11754
11761
11768
11775
11782
11789
11796
11803
11810
11817
11824
11831
11838
11845
11852
11859
11866
11873
11880
11887
11894
11901
11908
11915
11922
11929
11936
11943
11950
11957
11964
11971
11978
11985
11992
11999
12006
12013
12020
12027
12034
12041
12048
12055
12062
12069
12076
12083
12090
12097
12104
12111
12118
12125
12132
12139
12146
12153
12160
12167
12174
12181
12188
12195
12202
12209
12216
12223
12230
12237
12244
12251
12258
12265
12272
12279
12286
12293
12300
12307
12314
12321
12328
12335
12342
12349
12356
12363
12370
12377
12384
12391
12398
12405
12412
12419
12426
12433
12440
12447
12454
12461
12468
12475
12482
12489
12496
12503
12510
12517
12524
12531
12538
12545
12552
12559
12566
12573
12580
12587
12594
12601
12608
12615
12622
12629
12636
12643
12650
12657
12664
12671
12678
12685
12692
12699
12706
12713
12720
12727
12734
12741
12748
12755
12762
12769
12776
12783
12790
12797
12804
12811
12818
12825
12832
12839
12846
12853
12860
12867
12874
12881
12888
12895
12902
12909
12916
12923
12930
12937
12944
12951
12958
12965
12972
12979
12986
12993
13000
13007
13014
13021
13028
13035
13042
13049
13056
13063
13070
13077
13084
13091
13098
13105
13112
13119
13126
13133
13140
13147
13154
13161
13168
13175
13182
13189
13196
13203
13210
13217
13224
13231
13238
13245
13252
13259
13266
13273
13280
13287
13294
13301
13308
13315
13322
13329
13336
13343
13350
13357
13364
13371
13378
13385
13392
13399
13406
13413
13420
13427
13434
13441
13448
13455
13462
13469
13476
13483
13490
13497
13504
13511
13518
13525
13532
13539
13546
13553
13560
13567
13574
13581
13588
13595
13602
13609
13616
13623
13630
13637
13644
13651
13658
13665
13672
13679
13686
13693
13700
13707
13714
13721
13728
13735
13742
13749
13756
13763
13770
13777
13784
13791
13798
13805
13812
13819
13826
13833
13840
13847
13854
13861
13868
13875
13882
13889
13896
13903
13910
13917
13924
13931
13938
13945
13952
13959
13966
13973
13980
13987
13994
14001
14008
14015
14022
14029
14036
14043
14050
14057
14064
14071
14078
14085
14092
14099
14106
14113
14120
14127
14134
14141
14148
14155
14162
14169
14176
14183
14190
14197
14204
14211
14218
14225
14232
14239
14246
14253
14260
14267
14274
14281
14288
14295
14302
14309
14316
14323
14330
14337
14344
14351
14358
14365
14372
14379
14386
14393
14400
14407
14414
14421
14428
14435
14442
14449
14456
14463
14470
14477
14484
14491
14498
14505
14512
14519
14526
14533
14540
14547
14554
14561
14568
14575
14582
14589
14596
14603
14610
14617
14624
14631
14638
14645
14652
14659
14666
14673
14680
14687
14694
14701
14708
14715
14722
14729
14736
14743
14750
14757
14764
14771
14778
14785
14792
14799
14806
14813
14820
14827
14834
14841
14848
14855
14862
14869
14876
14883
14890
14897
14904
14911
14918
14925
14932
14939
14946
14953
14960
14967
14974
14981
14988
14995
15002
15009
15016
15023
15030
15037
15044
15051
15058
15065
15072
15079
15086
15093
15100
15107
15114
15121
15128
15135
15142
15149
15156
15163
15170
15177
15184
15191
15198
15205
15212
15219
15226
15233
15240
15247
15254
15261
15268
15275
15282
15289
15296
15303
15310
15317
15324
15331
15338
15345
15352
15359
15366
15373
15380
15387
15394
15401
15408
15415
15422
15429
15436
15443
15450
15457
15464
15471
15478
15485
15492
15499
15506
15513
15520
15527
15534
15541
15548
15555
15562
15569
15576
15583
15590
15597
15604
15611
15618
15625
15632
15639
15646
15653
15660
15667
15674
15681
15688
15695
15702
15709
15716
15723
15730
15737
15744
15751
15758
15765
15772
15779
15786
15793
15800
15807
15814
15821
15828
15835
15842
15849
15856
15863
15870
15877
15884
15891
15898
15905
15912
15919
15926
15933
15940
15947
15954
15961
15968
15975
15982
15989
15996
16003
16010
16017
16024
16031
16038
16045
16052
16059
16066
16073
16080
16087
16094
16101
16108
16115
16122
16129
16136
16143
16150
16157
16164
16171
16178
16185
16192
16199
16206
16213
16220
16227
16234
16241
16248
16255
16262
16269
16276
16283
16290
16297
16304
16311
16318
16325
16332
16339
16346
16353
16360
16367
16374
16381
16388
16395
16402
16409
16416
16423
16430
16437
16444
16451
16458
16465
16472
16479
16486
16493
16500
16507
16514
16521
16528
16535
16542
16549
16556
16563
16570
16577
16584
16591
16598
16605
16612
16619
16626
16633
16640
16647
16654
16661
16668
16675
16682
16689
16696
16703
16710
16717
16724
16731
16738
16745
16752
16759
16766
16773
16780
16787
16794
16801
16808
16815
16822
16829
16836
16843
16850
16857
16864
16871
16878
16885
16892
16899
16906
16913
16920
16927
16934
16941
16948
16955
16962
16969
16976
16983
16990
16997
17004
17011
17018
17025
17032
17039
17046
17053
17060
17067
17074
17081
17088
17095
17102
17109
17116
17123
17130
17137
17144
17151
17158
17165
17172
17179
17186
17193
17200
17207
17214
17221
17228
17235
17242
17249
17256
17263
17270
17277
17284
17291
17298
17305
17312
17319
17326
17333
17340
17347
17354
17361
17368
17375
17382
17389
17396
17403
17410
17417
17424
17431
17438
17445
17452
17459
17466
17473
17480
17487
17494
17501
17508
17515
17522
17529
17536
17543
17550
17557
17564
17571
17578
17585
17592
17599
17606
17613
17620
17627
17634
17641
17648
17655
17662
17669
17676
17683
17690
17697
17704
17711
17718
17725
17732
17739
17746
17753
17760
17767
17774
17781
17788
17795
17802
17809
17816
17823
17830
17837
17844
17851
17858
17865
17872
17879
17886
17893
17900
17907
17914
17921
17928
17935
17942
17949
17956
17963
17970
17977
17984
17991
17998
18005
18012
18019
18026
18033
18040
18047
18054
18061
18068
18075
18082
18089
18096
18103
18110
18117
18124
18131
18138
18145
18152
18159
18166
18173
18180
18187
18194
18201
18208
18215
18222
18229
18236
18243
18250
18257
18264
18271
18278
18285
18292
18299
18306
18313
18320
18327
18334
18341
18348
18355
18362
18369
18376
18383
18390
18397
18404
18411
18418
18425
18432
18439
18446
18453
18460
18467
18474
18481
18488
18495
18502
18509
18516
18523
18530
18537
18544
18551
18558
18565
18572
18579
18586
18593
18600
18607
18614
18621
18628
18635
18642
18649
18656
18663
18670
18677
18684
18691
18698
18705
18712
18719
18726
18733
18740
18747
18754
18761
18768
18775
18782
18789
18796
18803
18810
18817
18824
18831
18838
18845
18852
18859
18866
18873
18880
18887
18894
18901
18908
18915
18922
18929
18936
18943
18950
18957
18964
18971
18978
18985
18992
18999
19006
19013
19020
19027
19034
19041
19048
19055
19062
19069
19076
19083
19090
19097
19104
19111
19118
19125
19132
19139
19146
19153
19160
19167
19174
19181
19188
19195
19202
19209
19216
19223
19230
19237
19244
19251
19258
19265
19272
19279
19286
19293
19300
19307
19314
19321
19328
19335
19342
19349
19356
19363
19370
19377
19384
19391
19398
19405
19412
19419
19426
19433
19440
19447
19454
19461
19468
19475
19482
19489
19496
19503
19510
19517
19524
19531
19538
19545
19552
19559
19566
19573
19580
19587
19594
19601
19608
19615
19622
19629
19636
19643
19650
19657
19664
19671
19678
19685
19692
19699
19706
19713
19720
19727
19734
19741
19748
19755
19762
19769
19776
19783
19790
19797
19804
19811
19818
19825
19832
19839
19846
19853
19860
19867
19874
19881
19888
19895
19902
19909
19916
19923
19930
19937
19944
19951
19958
19965
19972
19979
19986
19993
20000
20007
20014
20021
20028
20035
20042
20049
20056
20063
20070
20077
20084
20091
20098
20105
20112
20119
20126
20133
20140
20147
20154
20161
20168
20175
20182
20189
20196
20203
20210
20217
20224
20231
20238
20245
20252
20259
20266
20273
20280
20287
20294
20301
20308
20315
20322
20329
20336
20343
20350
20357
20364
20371
20378
20385
20392
20399
20406
20413
20420
20427
20434
20441
20448
20455
20462
20469
20476
20483
20490
20497
20504
20511
20518
20525
20532
20539
20546
20553
20560
20567
20574
20581
20588
20595
20602
20609
20616
20623
20630
20637
20644
20651
20658
20665
20672
20679
20686
20693
20700
20707
20714
20721
20728
20735
20742
20749
20756
20763
20770
20777
20784
20791
20798
20805
20812
20819
20826
20833
20840
20847
20854
20861
20868
20875
20882
20889
20896
20903
20910
20917
20924
20931
20938
20945
20952
20959
20966
20973
20980
20987
20994
21001
21008
21015
21022
21029
21036
21043
21050
21057
21064
21071
21078
21085
21092
21099
21106
21113
21120
21127
21134
21141
21148
21155
21162
21169
21176
21183
21190
21197
21204
21211
21218
21225
21232
21239
21246
21253
21260
21267
21274
21281
21288
21295
21302
21309
21316
21323
21330
21337
21344
21351
21358
21365
21372
21379
21386
21393
21400
21407
21414
21421
21428
21435
21442
21449
21456
21463
21470
21477
21484
21491
21498
21505
21512
21519
21526
21533
21540
21547
21554
21561
21568
21575
21582
21589
21596
21603
21610
21617
21624
21631
21638
21645
21652
21659
21666
21673
21680
21687
21694
21701
21708
21715
21722
21729
21736
21743
21750
21757
21764
21771
21778
21785
21792
21799
21806
21813
21820
21827
21834
21841
21848
21855
21862
21869
21876
21883
21890
21897
21904
21911
21918
21925
21932
21939
21946
21953
21960
21967
21974
21981
21988
21995
22002
22009
22016
22023
22030
22037
22044
22051
22058
22065
22072
22079
22086
22093
22100
22107
22114
22121
22128
22135
22142
22149
22156
22163
22170
22177
22184
22191
22198
22205
22212
22219
22226
22233
22240
22247
22254
22261
22268
22275
22282
22289
22296
22303
22310
22317
22324
22331
22338
22345
22352
22359
22366
22373
22380
22387
22394
22401
22408
22415
22422
22429
22436
22443
22450
22457
22464
22471
22478
22485
22492
22499
22506
22513
22520
22527
22534
22541
22548
22555
22562
22569
22576
22583
22590
22597
22604
22611
22618
22625
22632
22639
22646
22653
22660
22667
22674
22681
22688
22695
22702
22709
22716
22723
22730
22737
22744
22751
22758
22765
22772
22779
22786
22793
22800
22807
22814
22821
22828
22835
22842
22849
22856
22863
22870
22877
22884
22891
22898
22905
22912
22919
22926
22933
22940
22947
22954
22961
22968
22975
22982
22989
22996
23003
23010
23017
23024
23031
23038
23045
23052
23059
23066
23073
23080
23087
23094
23101
23108
23115
23122
23129
23136
23143
23150
23157
23164
23171
23178
23185
23192
23199
23206
23213
23220
23227
23234
23241
23248
23255
23262
23269
23276
23283
23290
23297
23304
23311
23318
23325
23332
23339
23346
23353
23360
23367
23374
23381
23388
23395
23402
23409
23416
23423
23430
23437
23444
23451
23458
23465
23472
23479
23486
23493
23500
23507
23514
23521
23528
23535
23542
23549
23556
23563
23570
23577
23584
23591
23598
23605
23612
23619
23626
23633
23640
23647
23654
23661
23668
23675
23682
23689
23696
23703
23710
23717
23724
23731
23738
23745
23752
23759
23766
23773
23780
23787
23794
23801
23808
23815
23822
23829
23836
23843
23850
23857
23864
23871
23878
23885
23892
23899
23906
23913
23920
23927
23934
23941
23948
23955
23962
23969
23976
23983
23990
23997
24004
24011
24018
24025
24032
24039
24046
24053
24060
24067
24074
24081
24088
24095
24102
24109
24116
24123
24130
24137
24144
24151
24158
24165
24172
24179
24186
24193
24200
24207
24214
24221
24228
24235
24242
24249
24256
24263
24270
24277
24284
24291
24298
24305
24312
24319
24326
24333
24340
24347
24354
24361
24368
24375
24382
24389
24396
24403
24410
24417
24424
24431
24438
24445
24452
24459
24466
24473
24480
24487
24494
24501
24508
24515
24522
24529
24536
24543
24550
24557
24564
24571
24578
24585
24592
24599
24606
24613
24620
24627
24634
24641
24648
24655
24662
24669
24676
24683
24690
24697
24704
24711
24718
24725
24732
24739
24746
24753
24760
24767
24774
24781
24788
24795
24802
24809
24816
24823
24830
24837
24844
24851
24858
24865
24872
24879
24886
24893
24900
24907
24914
24921
24928
24935
24942
24949
24956
24963
24970
24977
24984
24991
24998
25005
25012
25019
25026
25033
25040
25047
25054
25061
25068
25075
25082
25089
25096
25103
25110
25117
25124
25131
25138
25145
25152
25159
25166
25173
25180
25187
25194
25201
25208
25215
25222
25229
25236
25243
25250
25257
25264
25271
25278
25285
25292
25299
25306
25313
25320
25327
25334
25341
25348
25355
25362
25369
25376
25383
25390
25397
25404
25411
25418
25425
25432
25439
25446
25453
25460
25467
25474
25481
25488
25495
25502
25509
25516
25523
25530
25537
25544
25551
25558
25565
25572
25579
25586
25593
25600
25607
25614
25621
25628
25635
25642
25649
25656
25663
25670
25677
25684
25691
25698
25705
25712
25719
25726
25733
25740
25747
25754
25761
25768
25775
25782
25789
25796
25803
25810
25817
25824
25831
25838
25845
25852
25859
25866
25873
25880
25887
25894
25901
25908
25915
25922
25929
25936
25943
25950
25957
25964
25971
25978
25985
25992
25999
26006
26013
26020
26027
26034
26041
26048
26055
26062
26069
26076
26083
26090
26097
26104
26111
26118
26125
26132
26139
26146
26153
26160
26167
26174
26181
26188
26195
26202
26209
26216
26223
26230
26237
26244
26251
26258
26265
26272
26279
26286
26293
26300
26307
26314
26321
26328
26335
26342
26349
26356
26363
26370
26377
26384
26391
26398
26405
26412
26419
26426
26433
26440
26447
26454
26461
26468
26475
26482
26489
26496
26503
26510
26517
26524
26531
26538
26545
26552
26559
26566
26573
26580
26587
26594
26601
26608
26615
26622
26629
26636
26643
26650
26657
26664
26671
26678
26685
26692
26699
26706
26713
26720
26727
26734
26741
26748
26755
26762
26769
26776
26783
26790
26797
26804
26811
26818
26825
26832
26839
26846
26853
26860
26867
26874
26881
26888
26895
26902
26909
26916
26923
26930
26937
26944
26951
26958
26965
26972
26979
26986
26993
27000
27007
27014
27021
27028
27035
27042
27049
27056
27063
27070
27077
27084
27091
27098
27105
27112
27119
27126
27133
27140
27147
27154
27161
27168
27175
27182
27189
27196
27203
27210
27217
27224
27231
27238
27245
27252
27259
27266
27273
27280
27287
27294
27301
27308
27315
27322
27329
27336
27343
27350
27357
27364
27371
27378
27385
27392
27399
27406
27413
27420
27427
27434
27441
27448
27455
27462
27469
27476
27483
27490
27497
27504
27511
27518
27525
27532
27539
27546
27553
27560
27567
27574
27581
27588
27595
27602
27609
27616
27623
27630
27637
27644
27651
27658
27665
27672
27679
27686
27693
27700
27707
27714
27721
27728
27735
27742
27749
27756
27763
27770
27777
27784
27791
27798
27805
27812
27819
27826
27833
27840
27847
27854
27861
27868
27875
27882
27889
27896
27903
27910
27917
27924
27931
27938
27945
27952
27959
27966
27973
27980
27987
27994
28001
28008
28015
28022
28029
28036
28043
28050
28057
28064
28071
28078
28085
28092
28099
28106
28113
28120
28127
28134
28141
28148
28155
28162
28169
28176
28183
28190
28197
28204
28211
28218
28225
28232
28239
28246
28253
28260
28267
28274
28281
28288
28295
28302
28309
28316
28323
28330
28337
28344
28351
28358
28365
28372
28379
28386
28393
28400
28407
28414
28421
28428
28435
28442
28449
28456
28463
28470
28477
28484
28491
28498
28505
28512
28519
28526
28533
28540
28547
28554
28561
28568
28575
28582
28589
28596
28603
28610
28617
28624
28631
28638
28645
28652
28659
28666
28673
28680
28687
28694
28701
28708
28715
28722
28729
28736
28743
28750
28757
28764
28771
28778
28785
28792
28799
28806
28813
28820
28827
28834
28841
28848
28855
28862
28869
28876
28883
28890
28897
28904
28911
28918
28925
28932
28939
28946
28953
28960
28967
28974
28981
28988
28995
29002
29009
29016
29023
29030
29037
29044
29051
29058
29065
29072
29079
29086
29093
29100
29107
29114
29121
29128
29135
29142
29149
29156
29163
29170
29177
29184
29191
29198
29205
29212
29219
29226
29233
29240
29247
29254
29261
29268
29275
29282
29289
29296
29303
29310
29317
29324
29331
29338
29345
29352
29359
29366
29373
29380
29387
29394
