1
2
3
4
5
274
275
276
277
278
547
548
549
550
551
820
821
822
823
824
1093
1094
1095
1096
1097
1366
1367
1368
1369
1370
1639
1640
1641
1642
1643
1912
1913
1914
1915
1916
2185
2186
2187
2188
2189
2458
2459
2460
2461
2462
2731
2732
2733
2734
2735
3004
3005
3006
3007
3008
3277
3278
3279
3280
3281
3550
3551
3552
3553
3554
3823
3824
3825
3826
3827
4096
4097
4098
4099
4100
4369
4370
4371
4372
4373
4642
4643
4644
4645
4646
4915
4916
4917
4918
4919
5188
5189
5190
5191
5192
5461
5462
5463
5464
5465
5734
5735
5736
5737
5738
6007
6008
6009
6010
6011
6280
6281
6282
6283
6284
6553
6554
6555
6556
6557
6826
6827
6828
6829
6830
7099
7100
7101
7102
7103
7372
7373
7374
7375
7376
7645
7646
7647
7648
7649
7918
7919
7920
7921
7922
8191
8192
8193
8194
8195
8464
8465
8466
8467
8468
8737
8738
8739
8740
8741
9010
9011
9012
9013
9014
9283
9284
9285
9286
9287
9556
9557
9558
9559
9560
9829
9830
9831
9832
9833
10102
10103
10104
10105
10106
10375
10376
10377
10378
10379
10648
10649
10650
10651
10652
10921
10922
10923
10924
10925
11194
11195
11196
11197
11198
11467
11468
11469
11470
11471
