270
271
272
273
543
544
545
546
816
817
818
819
1089
1090
1091
1092
1362
1363
1364
1365
1635
1636
1637
1638
1908
1909
1910
1911
2181
2182
2183
2184
2454
2455
2456
2457
2727
2728
2729
2730
3000
3001
3002
3003
3273
3274
3275
3276
3546
3547
3548
3549
3819
3820
3821
3822
4092
4093
4094
4095
4365
4366
4367
4368
4638
4639
4640
4641
4911
4912
4913
4914
5184
5185
5186
5187
5457
5458
5459
5460
5730
5731
5732
5733
6003
6004
6005
6006
6276
6277
6278
6279
6549
6550
6551
6552
6822
6823
6824
6825
7095
7096
7097
7098
7368
7369
7370
7371
7641
7642
7643
7644
7914
7915
7916
7917
8187
8188
8189
8190
8460
8461
8462
8463
8733
8734
8735
8736
9006
9007
9008
9009
9279
9280
9281
9282
9552
9553
9554
9555
9825
9826
9827
9828
10098
10099
10100
10101
10371
10372
10373
10374
10644
10645
10646
10647
10917
10918
10919
10920
11190
11191
11192
11193
11463
11464
11465
11466
11736
11737
11738
11739
